NOT ORIGINAL IUE PROJECT DATA PRODUCT
SWP42307LOWLARGE
HD  29391
04:35:05
-02:34:18
40
NO-TRAIL
NO
2399.717
22/08/91
12:06:28
234
10.84
17/06/95
GSFC
2448491.00449
255
29
1150.58  2.16e-13  1.14e-13   -12    35     0
1152.26  3.82e-13  1.14e-13   -11    66     0
1153.94  4.21e-13  1.09e-13   -10    77     0
1155.61  4.56e-13  1.06e-13    -9    87     0
1157.29  5.14e-13  1.01e-13    -8   106     0
1158.97  3.20e-13  8.73e-14    -7    71     0
1160.64  2.97e-13  8.09e-14    -6    71     0
1162.32  2.01e-13  7.29e-14    -5    51     0
1163.99  2.16e-13  6.82e-14    -4    59     0
1165.67  1.71e-13  5.88e-14    -3    54     0
1167.35  1.48e-13  5.40e-14    -3    50     0
1169.02  1.95e-13  5.25e-14    -2    71     0
1170.70  1.29e-13  4.66e-14    -1    50     0
1172.38  1.40e-13  4.39e-14     0    58     0
1174.05  2.28e-13  4.50e-14     1   101     0
1175.73  1.72e-13  4.04e-14     2    82     0
1177.41  1.30e-13  3.67e-14     3    66     0
1179.08  1.40e-13  3.47e-14     4    76     0
1180.76  1.33e-13  3.16e-14     5    78     0
1182.43  3.82e-14  2.68e-14     6    23     0
1184.11  6.91e-14  2.65e-14     7    45     0
1185.79  8.00e-14  2.84e-14     8    55     0
1187.46  6.56e-14  2.41e-14     9    47     0
1189.14  5.44e-14  2.27e-14    10    41     0
1190.82  6.66e-14  2.14e-14    11    55     0
1192.49  4.94e-14  2.03e-14    12    42     0
1194.17  8.67e-14  2.23e-14    13    77     0
1195.85  2.80e-14  1.84e-14    14    26     0
1197.52  4.77e-14  1.87e-14    15    47     0
1199.20  6.18e-14  1.78e-14    16    62     0
1200.87  4.04e-14  1.57e-14    17    43     0
1202.55  6.36e-14  1.64e-14    18    70     0
1204.23  8.10e-14  1.70e-14    19    92     0
1205.90  1.00e-13  1.64e-14    20   118     0
1207.58  1.40e-13  1.79e-14    21   170     0
1209.26  2.06e-13  3.20e-14    22   257     0
1210.93  3.01e-13  3.71e-14    23   392     0
1212.61  4.28e-13  5.38e-14    25   573     0
1214.29  4.59e-13  4.88e-14    26   629     0
1215.96  5.58e-13  6.76e-14    27   787     0
1217.64  3.94e-13  4.82e-14    28   570     0
1219.32  3.04e-13  4.14e-14    29   448     0
1220.99  1.87e-13  2.46e-14    30   283     0
1222.67  9.40e-14  1.29e-14    31   145     0
1224.34  4.89e-14  1.10e-14    32    77     0
1226.02  3.64e-14  1.02e-14    33    59     0
1227.70  4.90e-14  1.05e-14    34    81     0
1229.37  4.71e-14  1.02e-14    35    79     0
1231.05  4.43e-14  9.91e-15    36    76     0
1232.73  4.15e-14  9.64e-15    37    72     0
1234.40  3.60e-14  9.38e-15    38    63     0
1236.08  2.75e-14  8.70e-15    38    49     0
1237.76  4.57e-14  9.32e-15    39    83     0
1239.43  3.35e-14  8.64e-15    40    62     0
1241.11  3.13e-14  8.46e-15    41    59     0
1242.78  3.28e-14  8.40e-15    42    62     0
1244.46  3.57e-14  8.46e-15    43    69     0
1246.14  4.37e-14  8.76e-15    44    84     0
1247.81  3.88e-14  8.48e-15    45    75     0
1249.49  3.85e-14  8.35e-15    46    75     0
1251.17  3.91e-14  8.12e-15    47    79     0
1252.84  4.06e-14  8.23e-15    48    83     0
1254.52  4.02e-14  8.04e-15    49    83     0
1256.20  2.81e-14  7.41e-15    49    58     0
1257.87  3.89e-14  7.76e-15    50    81     0
1259.55  3.49e-14  7.70e-15    51    73     0
1261.22  4.35e-14  7.81e-15    52    93     0
1262.90  4.87e-14  7.95e-15    53   104     0
1264.58  4.48e-14  7.97e-15    54    96     0
1266.25  3.69e-14  7.33e-15    54    81     0
1267.93  3.87e-14  7.33e-15    55    86     0
1269.61  3.36e-14  7.07e-15    56    75     0
1271.28  2.50e-14  6.73e-15    57    55     0
1272.96  5.16e-14  7.80e-15    58   115     0
1274.64  3.34e-14  6.90e-15    58    74     0
1276.31  3.39e-14  7.01e-15    59    74     0
1277.99  2.96e-14  6.88e-15    60    65     0
1279.67  3.39e-14  6.95e-15    61    75     0
1281.34  4.28e-14  7.24e-15    61    96     0
1283.02  3.88e-14  7.05e-15    62    87     0
1284.69  3.52e-14  6.91e-15    63    80     0
1286.37  3.63e-14  6.77e-15    64    83     0
1288.05  4.03e-14  6.97e-15    64    92     0
1289.72  4.26e-14  7.08e-15    65    97     0
1291.40  4.16e-14  6.97e-15    66    95     0
1293.08  4.30e-14  7.02e-15    66    98     0
1294.75  3.84e-14  6.79e-15    67    88     0
1296.43  3.26e-14  6.46e-15    68    75     0
1298.11  3.74e-14  6.53e-15    68    86     0
1299.78  3.25e-14  6.47e-15    69    75     0
1301.46  3.71e-14  6.69e-15    70    85     0
1303.13  5.03e-14  7.27e-15    70   115     0
1304.81  6.57e-14  8.02e-15    71   150     0
1306.49  5.85e-14  7.66e-15    72   132     0
1308.16  5.48e-14  8.43e-15    72   124     0
1309.84  4.74e-14  7.45e-15    73   107     0
1311.52  3.98e-14  6.67e-15    73    92     0
1313.19  3.85e-14  6.45e-15    74    89     0
1314.87  3.71e-14  6.39e-15    75    85     0
1316.55  4.80e-14  6.85e-15    75   111     0
1318.22  4.15e-14  6.60e-15    76    96     0
1319.90  7.69e-15  7.21e-15    76    17     0
1321.57  5.17e-14  7.23e-15    77   115     0
1323.25  4.21e-14  6.76e-15    77    93     0
1324.93  3.99e-14  6.66e-15    78    88     0
1326.60  4.37e-14  6.96e-15    79    96     0
1328.28  5.13e-14  7.29e-15    79   113     0
1329.96  3.90e-14  6.64e-15    80    85     0
1331.63  6.35e-14  7.80e-15    80   140     0
1333.31  6.98e-14  7.97e-15    81   153     0
1334.99  9.84e-14  9.16e-15    81   215     0
1336.66  7.60e-14  8.02e-15    82   170     0
1338.34  5.72e-14  7.21e-15    82   128     0
1340.01  4.21e-14  6.76e-15    83    91     0
1341.69  5.40e-14  7.33e-15    83   116     0
1343.37  4.91e-14  7.08e-15    84   105     0
1345.04  6.50e-14  7.76e-15    84   141     0
1346.72  5.65e-14  7.54e-15    85   122     0
1348.40  5.54e-14  7.31e-15    85   119     0
1350.07  5.74e-14  7.34e-15    86   122     0
1351.75  1.97e-14  1.17e-14    86    41     0
1353.43  6.56e-14  7.73e-15    87   138     0
1355.10  5.41e-14  7.26e-15    87   114     0
1356.78  5.68e-14  7.29e-15    88   119     0
1358.46  6.58e-14  7.72e-15    88   138     0
1360.13  6.36e-14  7.58e-15    88   130     0
1361.81  7.20e-14  8.09e-15    89   146     0
1363.48  7.46e-14  8.26e-15    89   151     0
1365.16  6.36e-14  7.80e-15    90   128     0
1366.84  5.31e-14  7.31e-15    90   106     0
1368.51  5.32e-14  7.28e-15    91   106     0
1370.19  5.12e-14  7.16e-15    91   102     0
1371.87  6.16e-14  7.70e-15    92   122     0
1373.54  7.14e-14  1.00e-14    92   140     0
1375.22  8.44e-14  1.33e-14    93   166     0
1376.90  7.24e-14  8.34e-15    93   141     0
1378.57  5.17e-14  7.27e-15    93   100     0
1380.25  6.59e-14  7.93e-15    94   127     0
1381.92  6.46e-14  1.20e-14    94   124     0
1383.60  6.83e-14  8.65e-15    95   130     0
1385.28  7.59e-14  9.00e-15    95   144     0
1386.95  6.50e-14  7.91e-15    96   123     0
1388.63  6.74e-14  8.16e-15    96   126     0
1390.31  8.68e-14  8.91e-15    97   160     0
1391.98  8.80e-14  9.10e-15    97   161     0
1393.66  1.06e-13  1.05e-14    98   192     0
1395.34  1.01e-13  9.53e-15    98   183     0
1397.01  8.62e-14  9.54e-15    98   155     0
1398.69  9.12e-14  9.23e-15    99   163     0
1400.36  8.22e-14  8.66e-15    99   145     0
1402.04  7.98e-14  8.66e-15   100   140     0
1403.72  8.31e-14  1.24e-14   100   145     0
1405.39  6.86e-14  8.33e-15   101   117     0
1407.07  8.07e-14  8.93e-15   101   137     0
1408.75  6.90e-14  9.07e-15   102   116     0
1410.42  9.90e-14  9.67e-15   102   167     0
1412.10  6.67e-14  8.25e-15   103   112     0
1413.78  7.57e-14  8.73e-15   103   126     0
1415.45  8.54e-14  9.35e-15   104   144     0
1417.13  9.29e-14  1.03e-14   104   156     0
1418.81  1.04e-13  9.99e-15   105   174     0
1420.48  1.08e-13  1.03e-14   105   171     0
1422.16  1.06e-13  1.02e-14   106   167     0
1423.83  1.07e-13  1.03e-14   107   167     0
1425.51  8.84e-14  9.47e-15   107   140     0
1427.19  7.93e-14  1.21e-14   108   124     0
1428.86  9.59e-14  9.78e-15   108   149     0
1430.54  1.07e-13  1.11e-14   109   166     0
1432.22  1.06e-13  1.05e-14   109   163     0
1433.89  7.08e-14  9.03e-15   110   108     0
1435.57  9.59e-14  1.55e-14   111   144     0
1437.25  9.67e-14  1.44e-14   111   145     0
1438.92  1.34e-13  1.55e-14   112   199     0
1440.60  8.60e-14  1.10e-14   112   129     0
1442.27  8.83e-14  9.63e-15   113   132     0
1443.95  1.02e-13  1.01e-14   114   151     0
1445.63  1.02e-13  1.03e-14   114   151     0
1447.30  9.02e-14  9.68e-15   115   133     0
1448.98  1.07e-13  1.03e-14   116   157     0
1450.66  1.22e-13  1.09e-14   116   179     0
1452.33  1.13e-13  1.05e-14   117   166     0
1454.01  1.18e-13  1.08e-14   118   172     0
1455.69  1.12e-13  1.06e-14   119   163     0
1457.36  1.13e-13  1.05e-14   119   164     0
1459.04  1.15e-13  1.08e-14   120   166     0
1460.71  1.06e-13  1.42e-14   121   156     0
1462.39  9.99e-14  9.93e-15   122   147     0
1464.07  1.11e-13  1.04e-14   122   163     0
1465.74  1.02e-13  1.01e-14   123   147     0
1467.42  1.21e-13  1.08e-14   124   174     0
1469.10  1.02e-13  1.04e-14   125   146     0
1470.77  1.07e-13  1.04e-14   126   150     0
1472.45  1.17e-13  1.08e-14   126   164     0
1474.13  1.23e-13  1.11e-14   127   172     0
1475.80  1.33e-13  1.17e-14   128   185     0
1477.48  1.33e-13  1.21e-14   129   185     0
1479.16  1.34e-13  1.32e-14   130   185     0
1480.83  1.36e-13  1.38e-14   131   188     0
1482.51  1.25e-13  1.11e-14   132   171     0
1484.18  1.36e-13  1.16e-14   133   187     0
1485.86  1.53e-13  1.21e-14   134   213     0
1487.54  1.50e-13  1.20e-14   135   208     0
1489.21  1.53e-13  1.20e-14   136   213     0
1490.89  1.58e-13  1.39e-14   137   215     0
1492.57  1.54e-13  1.82e-14   138   208     0
1494.24  1.25e-13  1.12e-14   139   169     0
1495.92  1.43e-13  1.23e-14   140   197     0
1497.60  1.42e-13  1.17e-14   141   194     0
1499.27  1.28e-13  1.50e-14   142   175     0
1500.95  1.56e-13  1.28e-14   143   213     0
1502.62  1.57e-13  1.37e-14   144   214     0
1504.30  1.41e-13  1.16e-14   145   190     0
1505.98  1.29e-13  1.21e-14   146   175     0
1507.65  1.37e-13  1.14e-14   147   185     0
1509.33  1.39e-13  1.15e-14   149   187     0
1511.01  1.27e-13  1.47e-14   150   168     0
1512.68  1.21e-13  1.10e-14   151   159     0
1514.36  1.31e-13  1.47e-14   152   171     0
1516.04  1.51e-13  1.21e-14   154   195     0
1517.71  1.47e-13  1.21e-14   155   190     0
1519.39  1.66e-13  1.28e-14   156   214     0
1521.06  1.60e-13  1.28e-14   157   204     0
1522.74  1.39e-13  1.22e-14   159   177     0
1524.42  1.59e-13  1.22e-14   160   201     0
1526.09  1.38e-13  1.19e-14   161   174     0
1527.77  1.43e-13  1.18e-14   163   181     0
1529.45  1.56e-13  1.52e-14   164   196     0
1531.12  1.68e-13  1.28e-14   166   214     0
1532.80  1.50e-13  1.19e-14   167   190     0
1534.48  1.56e-13  1.24e-14   169   198     0
1536.15  1.85e-13  1.33e-14   170   237     0
1537.83  2.09e-13  1.48e-14   172   267     0
1539.50  2.09e-13  1.41e-14   173   266     0
1541.18  1.73e-13  1.28e-14   175   220     0
1542.86  1.79e-13  1.29e-14   176   228     0
1544.53  1.97e-13  1.36e-14   178   252     0
1546.21  2.33e-13  1.57e-14   179   294     0
1547.89  2.42e-13  1.50e-14   181   305     0
1549.56  2.76e-13  1.90e-14   183   349     0
1551.24  2.38e-13  1.48e-14   184   301     0
1552.92  2.20e-13  1.43e-14   186   278     0
1554.59  2.39e-13  1.75e-14   188   302     0
1556.27  2.17e-13  1.66e-14   189   277     0
1557.95  2.17e-13  1.41e-14   191   277     0
1559.62  2.26e-13  1.43e-14   193   289     0
1561.30  1.96e-13  1.33e-14   195   249     0
1562.97  2.26e-13  1.49e-14   197   287     0
1564.65  2.67e-13  1.56e-14   198   340     0
1566.33  2.50e-13  1.61e-14   200   326     0
1568.00  2.20e-13  1.67e-14   202   287     0
1569.68  2.27e-13  1.40e-14   204   298     0
1571.36  2.18e-13  1.66e-14   206   280     0
1573.03  2.50e-13  1.77e-14   208   320     0
1574.71  2.60e-13  1.51e-14   210   333     0
1576.39  2.74e-13  1.75e-14   212   348     0
1578.06  2.52e-13  2.04e-14   214   320     0
1579.74  2.74e-13  1.54e-14   216   348     0
1581.41  2.38e-13  2.08e-14   218   307     0
1583.09  2.61e-13  1.75e-14   220   337     0
1584.77  2.74e-13  1.72e-14   222   354     0
1586.44  2.39e-13  1.88e-14   224   312     0
1588.12  2.72e-13  1.97e-14   226   355     0
1589.80  2.37e-13  1.45e-14   228   310     0
1591.47  2.59e-13  1.85e-14   230   335     0
1593.15  2.36e-13  1.74e-14   233   306     0
1594.83  2.62e-13  1.83e-14   235   340     0
1596.50  2.77e-13  1.78e-14   237   364     0
1598.18  2.93e-13  1.53e-14   239   386     0
1599.85  2.69e-13  2.26e-14   242   355     0
1601.53  2.63e-13  1.80e-14   244   349     0
1603.21  3.00e-13  1.56e-14   246   399     0
1604.88  2.98e-13  1.52e-14   249   398     0
1606.56  2.86e-13  1.83e-14   251   376     0
1608.24  3.04e-13  2.12e-14   253   400     0
1609.91  2.70e-13  1.76e-14   256   356     0
1611.59  2.78e-13  1.53e-14   258   371     0
1613.27  3.10e-13  1.52e-14   261   414     0
1614.94  3.10e-13  1.52e-14   263   414     0
1616.62  3.29e-13  1.56e-14   265   437     0
1618.30  3.13e-13  1.52e-14   268   417     0
1619.97  3.52e-13  1.89e-14   271   470     0
1621.65  3.81e-13  2.08e-14   273   516     0
1623.32  3.95e-13  2.01e-14   276   537     0
1625.00  3.35e-13  2.47e-14   278   464     0
1626.68  3.36e-13  2.05e-14   281   465     0
1628.35  3.35e-13  1.51e-14   283   466     0
1630.03  3.48e-13  1.58e-14   286   468     0
1631.71  3.89e-13  2.13e-14   289   524     0
1633.38  3.97e-13  3.16e-14   291   536     0
1635.06  4.40e-13  2.23e-14   294   607     0
1636.74  4.03e-13  2.21e-14   297   558     0
1638.41  3.79e-13  1.83e-14   300   526     0
1640.09  4.00e-13  2.01e-14   302   555     0
1641.76  3.65e-13  2.53e-14   305   508     0
1643.44  4.79e-13  2.65e-14   308   670     0
1645.12  4.88e-13  3.31e-14   311   685     0
1646.79  5.05e-13  2.06e-14   314   710     0
1648.47  4.66e-13  2.53e-14   316   658     0
1650.15  4.85e-13  2.37e-14   319   682     0
1651.82  4.60e-13  2.24e-14   322   649     0
1653.50  4.27e-13  1.78e-14   325   605     0
1655.18  4.00e-13  1.56e-14   328   572     0
1656.85  3.53e-13  1.63e-14   331   507     0
1658.53  4.41e-13  1.78e-14   334   636     0
1660.20  5.38e-13  2.80e-14   337   793     0
1661.88  6.18e-13  2.99e-14   340   915     0
1663.56  6.47e-13  2.60e-14   343   961     0
1665.23  6.21e-13  2.75e-14   346   899     0
1666.91  6.04e-13  2.79e-14   349   878     0
1668.59  5.75e-13  2.53e-14   352   840     0
1670.26  5.14e-13  2.10e-14   355   768     0
1671.94  5.59e-13  1.88e-14   358   838     0
1673.62  5.94e-13  3.07e-14   361   895     0
1675.29  6.22e-13  2.82e-14   365   956     0
1676.97  5.78e-13  3.50e-14   368   894 -1312
1678.65  6.21e-13  3.59e-14   371   965 -1312
1680.32  5.64e-13  3.46e-14   374   867 -1312
1682.00  5.83e-13  3.50e-14   377   901 -1280
1683.67  8.30e-13  5.32e-14   381  1289     0
1685.35  5.37e-13  3.42e-14   384   829 -1056
1687.03  6.37e-13  5.77e-14   387   989 -1024
1688.70  7.34e-13  7.24e-14   390  1146 -1280
1690.38  7.09e-13  8.58e-14   393  1119 -1312
1692.06  8.55e-13  9.28e-14   397  1356 -1280
1693.73  8.02e-13  8.69e-14   400  1279 -1280
1695.41  7.46e-13  1.03e-13   403  1201 -1280
1697.09  8.73e-13  1.16e-13   407  1412 -1280
1698.76  1.12e-12  1.84e-13   410  1823 -1280
1700.44  1.23e-12  2.00e-13   413  2014 -1280
1702.11  1.41e-12  3.60e-13   417  2331 -1280
1703.79  1.12e-12  3.61e-13   420  1859 -1024
1705.47  1.29e-12  5.70e-13   423  2133 -1280
1707.14  1.59e-12  6.29e-13   427  2642 -1024
1708.82  1.77e-12  7.10e-13   430  2954 -1280
1710.50  1.10e-12  2.23e-13   434  1836 -1024
1712.17  2.12e-12  9.65e-13   437  3562 -1024
1713.85  1.32e-12  2.43e-13   440  2223 -1024
1715.53  1.51e-12  3.15e-13   444  2558 -1024
1717.20  2.60e-12  1.12e-12   447  4421 -1024
1718.88  1.48e-12  3.91e-13   451  2531 -1280
1720.55  1.04e-12  2.18e-13   454  1838 -1280
1722.23  1.26e-12  3.38e-13   458  2236 -1280
1723.91  8.70e-13  2.81e-13   461  1551 -1280
1725.58  1.12e-12  3.47e-13   465  1946 -1024
1727.26  1.37e-12  3.91e-13   468  2398 -1280
1728.94  1.93e-12  6.64e-13   472  3408 -1280
1730.61  1.39e-12  4.61e-13   475  2464 -1280
1732.29  1.41e-12  4.68e-13   479  2503 -1280
1733.97  1.50e-12  3.67e-13   482  2689 -1024
1735.64  1.38e-12  4.11e-13   486  2490 -1024
1737.32  1.47e-12  4.14e-13   489  2660 -1024
1738.99  1.33e-12  3.72e-13   493  2425 -1024
1740.67  2.19e-12  1.03e-12   496  4101 -1280
1742.35  1.35e-12  4.29e-13   500  2547 -1280
1744.02  1.49e-12  4.91e-13   503  2817 -1280
1745.70  1.62e-12  6.07e-13   507  3053 -1024
1747.38  1.76e-12  6.19e-13   511  3343 -1280
1749.05  1.89e-12  6.32e-13   514  3601 -1024
1750.73  1.62e-12  2.33e-13   518  3135 -1024
1752.41  1.94e-12  6.30e-13   521  3760 -1280
1754.08  2.08e-12  7.85e-13   525  4068 -1024
1755.76  2.55e-12  1.19e-12   528  4923 -1280
1757.44  2.81e-12  1.18e-12   532  5465 -1280
1759.11  2.15e-12  5.60e-13   535  4196 -1280
1760.79  2.13e-12  5.46e-13   539  4181 -1280
1762.46  2.07e-12  6.19e-13   543  4086 -1280
1764.14  1.74e-12  2.42e-13   546  3436 -1280
1765.82  1.96e-12  1.00e-12   550  3905 -1280
1767.49  2.14e-12  7.01e-13   553  4302 -1280
1769.17  2.75e-12  1.28e-12   557  5537 -1280
1770.85  3.13e-12  1.27e-12   560  6390 -1280
1772.52  1.85e-12  3.83e-13   564  3798 -1280
1774.20  2.81e-12  1.27e-12   567  5783 -1280
1775.88  2.09e-12  4.23e-13   571  4308 -1280
1777.55  2.29e-12  4.72e-13   574  4743 -1280
1779.23  3.21e-12  1.22e-12   578  6669 -1280
1780.90  3.74e-12  1.34e-12   581  7758 -1280
1782.58  4.00e-12  1.53e-12   585  8337 -1280
1784.26  2.19e-12  4.68e-13   588  4579 -1280
1785.93  2.50e-12  5.26e-13   592  5346 -1280
1787.61  3.29e-12  1.25e-12   595  7046 -1280
1789.29  2.14e-12  4.99e-13   599  4613 -1280
1790.96  2.37e-12  4.67e-13   602  5054 -1280
1792.64  2.02e-12  3.85e-13   606  4309 -5120
1794.32  2.12e-12  4.40e-13   609  4545 -5120
1795.99  1.78e-12  8.72e-13   613  3799 -1024
1797.67  2.79e-12  5.52e-13   616  5962 -1024
1799.34  2.71e-12  5.95e-13   620  5817 -1024
1801.02  2.37e-12  5.02e-13   623  5142 -1024
1802.70  2.31e-12  4.78e-13   626  5024 -1280
1804.37  2.37e-12  4.74e-13   630  5156 -1280
1806.05  2.85e-12  1.24e-12   633  6125 -1280
1807.73  2.79e-12  1.10e-12   636  6005 -1280
1809.40  3.78e-12  1.29e-12   640  8151 -1280
1811.08  3.23e-12  1.12e-12   643  7017 -1280
1812.76  3.04e-12  8.66e-13   646  6607 -1280
1814.43  5.41e-12  1.59e-12   650 11772 -1280
1816.11  3.77e-12  9.87e-13   653  8221 -1280
1817.79  3.16e-12  7.92e-13   656  6911 -1280
1819.46  5.81e-12  1.68e-12   659 12715 -1024
1821.14  6.08e-12  1.77e-12   663 13233 -1024
1822.81  2.80e-12  4.54e-13   666  6097 -1024
1824.49  2.76e-12  4.80e-13   669  6016 -1024
1826.17  4.16e-12  1.26e-12   672  8948 -1024
1827.84  2.88e-12  4.42e-13   675  6201 -1024
1829.52  3.75e-12  1.06e-12   679  8079 -1024
1831.20  3.40e-12  9.55e-13   682  7542 -1024
1832.87  4.13e-12  1.25e-12   685  9153 -1280
1834.55  3.90e-12  1.31e-12   688  8639 -1280
1836.23  2.01e-12  4.76e-13   691  4467 -1280
1837.90  3.24e-12  1.02e-12   694  7207 -1280
1839.58  2.88e-12  1.06e-12   697  6407 -1280
1841.25  1.86e-12  4.38e-13   700  4093 -1280
1842.93  2.55e-12  8.93e-13   703  5594 -1280
1844.61  2.33e-12  8.10e-13   706  5106 -1280
1846.28  1.84e-12  3.99e-13   709  4122 -1280
1847.96  2.10e-12  9.11e-13   711  4695 -1280
1849.64  2.41e-12  9.14e-13   714  5402 -1280
1851.31  3.20e-12  1.00e-12   717  7017 -1280
1852.99  2.39e-12  7.49e-13   720  5231 -1280
1854.67  2.75e-12  8.45e-13   723  6015 -1280
1856.34  4.70e-12  1.53e-12   725 10325 -1024
1858.02  3.43e-12  8.41e-13   728  7520 -1024
1859.69  4.83e-12  1.55e-12   731 10583 -1024
1861.37  5.31e-12  1.52e-12   733 11699 -1024
1863.05  2.91e-12  3.86e-13   736  6407 -1024
1864.72  2.96e-12  4.38e-13   739  6493 -1024
1866.40  4.95e-12  1.07e-12   741 10738 -1024
1868.08  4.94e-12  1.22e-12   744 10706 -1024
1869.75  4.68e-12  1.05e-12   746 10121 -1024
1871.43  4.77e-12  1.07e-12   748 10193 -1024
1873.11  5.08e-12  1.20e-12   751 10841 -1024
1874.78  5.27e-12  1.22e-12   753 11229 -1024
1876.46  4.68e-12  1.05e-12   756  9988 -1024
1878.14  5.46e-12  1.52e-12   758 11641 -1024
1879.81  5.63e-12  1.45e-12   760 11972 -1024
1881.49  4.04e-12  6.31e-13   762  8575 -1024
1883.16  6.33e-12  1.59e-12   765 13410 -1024
1884.84  6.85e-12  1.88e-12   767 14481 -1280
1886.52  3.13e-12  9.93e-13   769  6587 -1280
1888.19  7.18e-12  1.98e-12   771 15092 -1280
1889.87  6.14e-12  1.67e-12   773 12867 -1280
1891.55  5.77e-12  1.83e-12   775 12125 -1280
1893.22  5.10e-12  1.12e-12   777 10707 -1280
1894.90  4.86e-12  1.16e-12   779 10181 -1280
1896.58  4.88e-12  1.11e-12   781 10209 -1280
1898.25  3.78e-12  9.26e-13   782  7898 -1280
1899.93  5.66e-12  1.61e-12   784 11815 -1280
1901.60  5.94e-12  1.80e-12   786 12349 -1280
1903.28  3.35e-12  6.42e-13   787  6958 -1280
1904.96  2.87e-12  1.14e-12   789  5941 -1024
1906.63  6.56e-12  2.08e-12   791 13720 -1024
1908.31  4.30e-12  6.67e-13   792  8981 -1024
1909.99  6.42e-12  1.83e-12   794 13385 -1024
1911.66  7.32e-12  1.85e-12   795 15008 -1024
1913.34  6.42e-12  1.54e-12   797 13163 -1280
1915.02  6.26e-12  1.57e-12   798 12610 -1280
1916.69  6.15e-12  1.57e-12   799 12378 -1280
1918.37  1.13e-11  2.82e-12   800 22835 -1280
1920.04  9.81e-12  2.25e-12   802 19891 -1280
1921.72  1.00e-11  2.33e-12   803 20339 -1280
1923.40  1.49e-11  2.64e-12   804 30281 -5376
1925.07  9.15e-12  1.87e-12   805 18740 -5376
1926.75  7.50e-12  1.80e-12   806 15363 -5376
1928.43  1.13e-11  1.83e-12   807 23214 -1280
1930.10  4.47e-12  1.39e-12   808  9203 -1280
1931.78  3.97e-12  1.08e-12   808  8194 -1280
1933.46  4.10e-12  1.03e-12   809  8454 -1024
1935.13  5.00e-12  1.28e-12   810 10215 -1024
1936.81  5.38e-12  1.33e-12   810 11006 -1024
1938.48  6.35e-12  1.57e-12   811 13022 -1024
1940.16  4.32e-12  1.35e-12   812  8848 -1024
1941.84  4.84e-12  1.46e-12   812  9955 -1024
1943.51  5.06e-12  1.20e-12   812 10437 -1024
1945.19  7.17e-12  1.82e-12   813 14959 -1024
1946.87  7.76e-12  1.86e-12   813 16259 -1280
1948.54  7.26e-12  2.17e-12   813 15265 -1280
1950.22  7.49e-12  1.84e-12   813 15594 -1280
1951.90  5.29e-12  1.32e-12   814 11041 -1280
1953.57  7.86e-12  2.38e-12   814 16475 -1280
1955.25  6.39e-12  1.44e-12   814 13525 -1280
1956.93  5.63e-12  1.31e-12   813 11947 -1280
1958.60  7.27e-12  1.74e-12   813 15455 -1280
1960.28  7.80e-12  1.96e-12   813 16804 -1280
1961.95  7.35e-12  1.78e-12   813 15848 -1280
1963.63  7.52e-12  1.57e-12   812 16225 -1280
1965.31  7.61e-12  1.86e-12   812 16331 -1280
1966.98  7.69e-12  1.97e-12   812 16494 -1280
1968.66  6.40e-12  1.44e-12   811 13721 -1280
1970.34  5.29e-12  1.26e-12   810 11366 -1280
1972.01  7.72e-12  1.68e-12   810 16496 -1280
1973.69  6.24e-12  1.23e-12   809 13274 -1280
1975.37  7.31e-12  1.44e-12   808 15465 -1280
1977.04  7.31e-12  1.45e-12   807 15391 -1280
1978.72  7.52e-12  1.62e-12   806 15750 -1280
